345
351
376
499
611
708
749
783
785
809
810
811
812
813
815
816
832
920
931
1071
1112
1219
1223
1225
1226
1227
1228
1229
1230
1265
1272
1273
1288
1306
1624
1657
1658
1769
1856
1868
1869
1890
1984
1985
1987
1988
2003
2004
2005
2006
2007
2009
2014
2091
2093
2175
2368
2374
2390
2391
2399
2434
2464
2529
2536
2580
2588
2589
2595
2596
2597
2604
2607
2609
2610
2621
2622
2623
2711
2733
2781
2788
2806
2807
2852
2958
2961
3015
3109
3110
3112
3128
3187
3193
3194
3195
3202
3227
3229
3230
3232
3233
3234
3243
3250
3274
3287
3320
3321
3323
3324
3325
3326
3327
3328
3329
3330
3331
3332
3333
3334
3335
3336
3337
3338
3339
3340
3341
3344
3396
3418
3499
3520
3521
3522
3523
3525
3526
3539
3555
3638
3859
3904
3966
3967
3981
3984
3985
3989
3990
3991
3992
3993
3994
3995
3996
3997
3998
4000
4022
4056
4067
4071
4072
4073
4074
4075
4094
4098
4121
4132
4133
4134
4260
4298
4332
4333
4334
4339
4347
4348
4349
4350
4351
4352
4353
4354
4355
4356
4357
4359
4376
4377
4387
4388
4389
4390
4391
4442
4443
4444
4445
4448
4449
4450
4451
4452
4484
4489
4506
4507
4509
4510
4527
4553
4627
4665
4667
4668
4682
4716
4719
4720
4742
4749
4752
4754
4755
4756
4814
4815
4816
4825
4869
4870
4871
4901
4955
4956
5129
5130
5131
5132
5165
5172
5236
5243
5244
5269
5270
5288
5289
5290
5292
5293
5294
5296
5371
5437
5443
5560
5612
5652
5697
5723
5724
5725
5737
5758
6030
6101
6104
6105
6128
6129
6219
6234
6235
6238
6312
6341
6459
6508
6531
6541
6546
6557
6559
6571
6572
6573
6574
6575
6576
6577
6578
6579
6580
6607
6609
6610
6611
6644
6645
6656
6657
6658
6661
6665
6680
6691
6715
6717
6718
6720
6721
6722
6724
6725
6726
6740
6791
6792
6793
6794
6795
6796
6797
6798
6799
6800
6801
6802
6803
6804
6805
6806
6807
6808
6809
6810
6811
6812
6813
6814
6815
6816
6817
6818
6819
6820
6821
6822
6823
6824
6825
6826
6827
6828
6829
6830
6831
6832
6833
6834
6835
6836
6837
6838
6839
6840
6841
6842
6867
6882
6885
6931
6934
6935
6942
6945
6958
6959
6986
7037
7041
7054
7063
7091
7168
7177
7191
7192
7217
7224
7225
7249
7281
7306
7331
7351
7359
7457
7458
7529
7557
7649
7650
7651
7652
7653
7654
7655
7656
7657
7661
7662
7667
7685
7696
7701
7709
7713
7714
7715
7716
7717
7718
7719
7722
7760
7761
7762
7763
7764
7765
7766
7767
7768
7769
7770
7771
7772
7773
7774
7775
7776
7779
7780
7794
7795
7796
7819
7825
7826
7889
7922
7924
7949
7987
7990
7991
7994
7995
7996
7997
7998
7999
8000
8001
8002
8043
8044
8045
8046
8091
8093
8105
8109
8121
8136
8149
8150
8151
8152
8153
8154
8173
8182
8199
8201
8216
8223
8229
8230
8245
8246
8251
8255
8256
8260
8263
8265
8270
8274
8291
8320
8341
8348
8350
8361
8405
8413
8479
8514
8595
8619
8646
8723
8735
8736
8737
8738
8739
8740
8741
8749
8806
8825
8836
8839
8840
8844
8851
8852
8854
8867
8869
8870
8871
8886
8889
8899
8902
8903
8904
8910
8913
8914
8917
8918
8919
8920
8921
8922
8923
8924
9022
9079
9089
9106
9174
9219
9231
9235
9242
9244
9247
9248
9249
9250
9251
9252
9253
9254
9255
9256
9257
9258
9259
9260
9261
9262
9263
9264
9265
9266
9267
9268
9269
9270
9271
9272
9273
9274
9275
9276
9277
9278
9282
9289
9298
9349
9354
9357
9392
9445
9446
9500
9501
9502
9503
9504
9505
9506
9507
9540
9587
9642
9654
9768
9769
9770
9771
9772
9773
9781
9782
9810
9824
9865
9884
9958
9959
9998
10061
10115
10116
10117
10425
10426
10429
10430
10431
10439
10454
10455
10456
10457
10459
10461
10462
10463
10464
10465
10466
10467
10484
10514
10578
10606
10607
10610
10612
10680
10681
10682
10684
10685
10686
10687
10688
10689
10690
10691
10730
10747
10825
10853
10857
10889
10893
10906
10912
10916
10917
10918
10919
10925
10955
10965
10968
10972
10998
11007
11014
11019
11020
11021
11022
11037
11043
11066
11067
11068
11069
11070
11071
11072
11073
11098
11103
11114
11115
11116
11117
11118
11119
11120
11121
11122
11127
11168
11180
11181
11182
11183
11184
11185
11186
11187
11188
11189
11190
11191
11213
11214
11215
11216
11227
11230
11232
11256
11257
11303
11311
11334
11335
11353
11354
11363
11382
11383
11390
11395
11401
11450
11511
11532
11533
11534
11535
11536
11537
11539
11540
11541
11542
11543
11544
11545
11546
11549
11572
11577
11578
11579
11580
11581
11582
11583
11612
11624
11716
11717
11722
11766
11767
11798
11805
11828
11829
11870
11888
11889
11896
11897
11898
11901
11902
11903
11904
11905
11909
11910
11921
11922
11961
12009
12057
12067
12084
12110
12116
12117
12175
12194
12275
12276
12277
12278
12294
12295
12296
12297
12302
12304
12354
12355
12356
12397
12403
12404
12405
12406
12407
12408
12409
12410
12411
12412
12413
12414
12415
12416
12417
12418
12419
12420
12421
12422
12423
12446
12454
12455
12456
12457
12458
12490
12492
12494
12495
12496
12497
12498
12499
12500
12501
12503
12516
12517
12518
12519
12520
12699
12700
12701
12702
12703
12704
12705
12706
12723
12740
12766
12770
12837
12855
12948
13087
13237
13265
13287
13371
13398
13407
13409
13411
13413
13415
13417
13419
13421
13425
13426
13427
13428
13429
13449
13450
13451
13452
13453
13454
13455
13456
13502
13503
13504
13505
13506
13507
13508
13532
13534
13537
13538
13539
13540
13582
13583
13584
13587
13650
13651
13652
13653
13654
13655
13656
13657
13672
13710
13719
13720
13721
13722
13723
13724
13725
13726
13727
13732
13735
13741
13742
13749
13751
13783
13808
13809
13826
13827
13828
13848
13853
13856
13858
13866
13989
13990
13992
13993
14058
14089
14107
14117
14140
14141
14156
14160
14161
14162
14163
14164
14165
14171
14174
14176
14177
14184
14185
14196
14197
14252
14271
14272
14275
14276
14277
14278
14279
14280
14312
14313
14418
14441
14442
14512
14673
14734
14768
14775
14785
14796
14829
14832
14842
14846
14893
14895
14904
14911
14917
14919
14920
14943
14957
15002
15014
15015
15016
15017
15018
15019
15022
15023
15024
15025
15026
15027
15028
15029
15030
15031
15032
15033
15034
15035
15036
15037
15038
15039
15040
15041
15042
15043
15044
15045
15046
15047
15048
15049
15050
15051
15052
15053
15084
15086
15156
15158
15185
15186
15187
15188
15189
15190
15191
15192
15335
15376
15478
15512
15513
15514
15515
15654
15656
15657
15725
15870
15881
15896
15897
15898
15899
15900
15901
15902
15995
16019
16020
16021
16022
16059
16061
16084
16139
16228
16233
16252
16348
16349
16350
16351
16352
16392
16503
16509
16510
16550
16620
16654
16655
16786
16790
16791
16817
16818
16819
16820
16828
16831
16832
16954
16955
16956
17139
17158
17159
17171
17172
17174
17175
17189
17247
17248
17435
17611
17660
17756
17822
17855
17856
17857
17858
17859
17860
17867
17868
17869
17872
17887
17888
17889
17892
17931
17936
17938
17939
17957
17961
17966
17969
17973
17975
17979
17980
17981
17982
17983
17985
18013
18014
18015
18016
18017
18018
18337
18338
18344
18532
18533
18534
18535
18536
18537
18538
18539
18598
18599
18600
18770
19177
19210
19211
19212
19213
19214
19215
19216
19217
19221
19222
19223
19245
19249
19250
19251
19252
19253
19269
19270
19309
19344
19346
19348
19349
19350
19519
19533
19553
19554
19558
19630
19632
19637
19643
19644
19645
19646
19647
19657
19658
19659
19660
19661
19662
19663
19664
19665
19666
19667
19668
19769
19783
19786
19790
19791
19823
19826
19827
19831
19833
19834
19857
20070
20071
20072
20073
20074
20075
20076
20077
20078
20079
20080
20081
20082
20083
20084
20112
20116
20131
20161
20180
20185
20198
20208
20221
20277
20280
20453
20456
20572
20591
20594
20749
20830
20831
20945
20947
20948
20949
20950
20989
20995
20996
20997
20998
20999
21000
21001
21002
21003
21004
21005
21006
21208
21216
21217
21218
21219
21220
21221
21296
21321
21330
21331
21380
21381
21395
21398
21404
21405
21418
21419
21425
21432
21448
21453
21462
21474
21486
21507
21509
21510
21511
21512
21544
21554
21555
21556
21557
21558
21559
21660
21686
21767
21768
21769
21770
21771
21772
21773
21774
21775
21777
21778
21785
21788
21825
21826
21923
21925
21926
21927
21928
22226
22227
22228
22229
22230
22234
22269
22403
22404
22405
22406
22407
22408
22409
22410
22411
22412
22413
22414
22415
22416
22417
22418
22419
22420
22421
22422
22423
22424
22425
22426
22427
22428
22429
22430
22431
22432
22433
22434
22435
22436
22437
22438
22439
22440
22441
22442
22443
22444
22445
22446
22447
22448
22449
22450
22451
22452
22453
22493
22503
22506
22521
22602
22663
22678
22714
22724
22726
22729
22730
22731
22749
22751
22764
22765
22766
22767
22768
22780
22802
22803
22804
22912
22913
22934
22964
22968
22976
23015
23016
23046
23048
23049
23050
23057
23058
23059
23061
23062
23063
23064
23065
23066
23084
23089
23090
23094
23095
23096
23097
23098
23099
23100
23101
23102
23103
23104
23105
23106
23107
23108
23109
23110
23111
23112
23113
23114
23115
23116
23117
23118
23119
23120
23121
23122
23123
23124
23125
23126
23127
23128
23129
23130
23131
23132
23133
23134
23135
23136
23137
23138
23139
23140
23141
23142
23143
23144
23145
23146
23147
23148
23149
23150
23151
23152
23153
23154
23155
23156
23157
23158
23159
23160
23161
23162
23163
23164
23165
23166
23167
23168
23169
23170
23171
23172
23173
23174
23175
23176
23177
23178
23179
23180
23181
23182
23183
23184
23185
23186
23187
23188
23189
23190
23191
23192
23193
23194
23195
23196
23197
23198
23199
23200
23201
23202
23203
23204
23205
23206
23207
23208
23209
23210
23211
23212
23213
23214
23215
23216
23217
23218
23219
23220
23221
23222
23223
23224
23225
23226
23227
23228
23229
23230
23231
23232
23233
23234
23235
23236
23237
23238
23239
23240
23241
23242
23243
23244
23245
23246
23247
23248
23249
23250
23251
23252
23253
23254
23255
23256
23257
23258
23259
23260
23261
23262
23263
23264
23265
23266
23267
23268
23269
23270
23271
23272
23273
23274
23275
23276
23277
23278
23279
23280
23281
23282
23283
23284
23285
23286
23287
23288
23289
23290
23291
23292
23293
23294
23295
23296
23297
23298
23299
23300
23301
23302
23303
23304
23305
23306
23307
23308
23309
23310
23311
23312
23313
23314
23315
23316
23317
23318
23319
23320
23321
23322
23323
23324
23325
23326
23327
23328
23329
23330
23331
23332
23333
23334
23335
23336
23337
23338
23339
23340
23341
23342
23343
23344
23345
23346
23347
23348
23349
23350
23351
23352
23353
23354
23355
23356
23357
23358
23359
23360
23361
23362
23363
23364
23365
23366
23367
23368
23369
23370
23371
23372
23373
23374
23375
23376
23377
23378
23379
23380
23381
23382
23383
23384
23385
23386
23387
23388
23389
23390
23391
23392
23393
23394
23395
23396
23397
23398
23399
23400
23401
23402
23403
23404
23405
23406
23407
23408
23409
23410
23411
23412
23413
23414
23415
23416
23417
23418
23419
23420
23421
23422
23423
23424
23425
23426
23427
23428
23429
23430
23431
23432
23433
23434
23435
23436
23437
23438
23439
23440
23441
23442
23443
23444
23445
23446
23447
23448
23449
23450
23451
23452
23453
23454
23455
23456
23457
23458
23459
23460
23461
23462
23463
23464
23465
23466
23467
23468
23469
23470
23471
23472
23473
23474
23475
23476
23477
23478
23479
23480
23481
23482
23483
23484
23485
23486
23487
23488
23489
23490
23491
23492
23493
23494
23495
23496
23497
23498
23499
23500
23501
23502
23503
23504
23505
23506
23507
23508
23509
23510
23511
23512
23513
23514
23515
23516
23517
23518
23519
23520
23521
23522
23523
23524
23525
23526
23527
23528
23529
23530
23531
23532
23533
23534
23535
23536
23537
23538
23539
23540
23541
23542
23543
23544
23545
23546
23547
23548
23549
23550
23551
23552
23553
23554
23555
23556
23557
23558
23559
23560
23561
23562
23563
23564
23565
23566
23567
23568
23569
23570
23571
23572
23573
23574
23575
23576
23577
23578
23579
23580
23581
23582
23583
23584
23585
23586
23587
23588
23601
23602
23603
23604
23605
23606
23616
23626
23653
23734
23881
23996
24016
24099
24100
24101
24102
24103
24126
24127
24128
