444
535
889
992
1008
1101
1119
1145
1215
1218
1223
1244
1635
1684
2034
2050
2075
2432
2454
2459
2466
2499
2565
2658
2663
2681
2721
2816
2818
2870
2891
2912
2913
2914
2915
2916
2922
2923
2995
3011
3133
3226
3273
3290
3437
3716
3717
3755
3800
3803
3841
3903
3905
3973
3985
3990
3997
4000
4001
4002
4003
4040
4118
4133
4134
4154
4175
4264
4265
4740
4820
4874
4875
4918
4985
4986
5068
5085
5228
5281
5300
5301
5335
5485
5486
5488
5490
5491
5493
5494
5512
5513
5514
5515
5516
5525
5536
5568
5583
5671
5673
5858
5859
5860
5861
5936
6093
6101
6135
6136
6147
6218
6238
6257
6264
6334
6348
6386
6390
6425
6439
6440
6446
6447
6448
6454
6460
6464
6466
6467
6508
6509
6510
6652
6667
6691
6836
7056
7172
7179
7213
7214
7311
7424
7427
7495
7624
7625
7627
7643
7679
7827
7837
7838
7839
7849
7882
7884
7885
7889
7890
7891
7902
7910
7944
7961
8002
8003
8005
8006
8007
8008
8009
8010
8011
8012
8013
8014
8015
8016
8017
8018
8019
8020
8021
8022
8023
8024
8025
8026
8027
8028
8029
8034
8036
8152
8185
8307
8334
8335
8336
8337
8339
8340
8357
8378
8397
8522
8575
8862
8920
9008
9009
9027
9030
9031
9035
9036
9037
9038
9039
9040
9041
9042
9043
9044
9046
9094
9154
9166
9190
9201
9202
9203
9204
9205
9251
9252
9263
9279
9307
9321
9322
9323
9451
9455
9475
9483
9524
9558
9559
9572
9573
9574
9579
9593
9594
9595
9597
9598
9599
9600
9601
9602
9604
9605
9608
9632
9633
9639
9640
9654
9655
9656
9657
9658
9716
9744
9749
9752
9753
9754
9761
9765
9766
9767
9768
9769
9770
9771
9803
9805
9814
9829
9846
9851
9852
9853
9854
9855
9870
9881
9891
9892
9904
9920
9921
9923
9924
9956
9971
10000
10010
10086
10109
10129
10193
10195
10196
10213
10272
10273
10280
10281
10312
10326
10330
10332
10333
10334
10392
10393
10394
10408
10464
10485
10486
10487
10504
10515
10521
10548
10570
10629
10630
10820
10821
10822
10823
10824
10825
10826
10841
10857
10858
10862
10879
10880
10881
10882
10883
10884
10886
10888
10890
10892
10894
10895
10896
10897
10909
10913
10914
10972
10983
10988
10995
10996
11024
11027
11028
11033
11049
11050
11051
11053
11054
11055
11057
11097
11098
11160
11243
11254
11311
11477
11484
11870
12034
12037
12109
12176
12244
12245
12246
12258
12289
12645
12734
12738
12739
12740
12741
12768
12769
12819
12846
12847
12848
12886
12906
12907
12915
12927
13050
13094
13266
13355
13359
13360
13361
13369
13407
13413
13426
13436
13451
13454
13473
13474
13475
13476
13477
13478
13479
13480
13481
13482
13522
13524
13525
13526
13579
13580
13592
13593
13594
13602
13606
13626
13642
13666
13669
13670
13672
13673
13674
13676
13677
13678
13708
13776
13777
13778
13779
13780
13781
13782
13783
13784
13785
13786
13787
13788
13789
13790
13791
13792
13793
13794
13795
13796
13797
13798
13799
13800
13801
13802
13803
13804
13805
13806
13807
13808
13809
13810
13811
13812
13813
13814
13815
13816
13817
13818
13819
13820
13821
13822
13823
13824
13825
13826
13827
13828
13829
13830
13831
13832
13833
13834
13835
13836
13837
13838
13839
13840
13841
13842
13843
13879
13906
13916
13939
13985
13990
13995
13996
14008
14013
14042
14043
14087
14237
14252
14256
14274
14312
14313
14324
14340
14369
14380
14522
14534
14562
14565
14566
14594
14603
14604
14607
14608
14629
14648
14704
14717
14721
14723
14751
14752
14781
14812
14851
14860
15019
15020
15081
15131
15174
15312
15313
15314
15315
15316
15317
15318
15319
15320
15326
15327
15342
15366
15367
15383
15390
15398
15402
15403
15404
15405
15406
15407
15408
15416
15473
15474
15475
15476
15477
15478
15479
15480
15481
15482
15483
15484
15485
15486
15487
15488
15489
15492
15493
15499
15512
15513
15514
15557
15576
15577
15662
15710
15716
15775
15792
15794
15842
15854
15901
15904
15905
15908
15909
15910
15911
15912
15913
15914
15915
15916
15917
15918
15919
15991
15992
15993
15994
15995
15996
16012
16057
16059
16073
16085
16097
16136
16149
16150
16151
16152
16153
16154
16173
16182
16199
16201
16216
16224
16230
16231
16246
16247
16252
16256
16257
16261
16266
16269
16275
16279
16296
16332
16366
16380
16382
16388
16449
16452
16461
16502
16521
16529
16537
16558
16587
16595
16617
16625
16642
16673
16674
16675
16676
16677
16713
16742
16779
16801
16855
16868
16869
16898
16899
16900
16901
16902
16903
16904
16905
16906
16907
16908
16909
16910
16911
16912
16913
16941
16943
16950
16955
16960
16989
17018
17042
17191
17203
17204
17205
17206
17207
17208
17209
17210
17230
17253
17254
17255
17285
17293
17302
17343
17356
17394
17411
17432
17445
17461
17477
17478
17482
17485
17499
17500
17503
17527
17530
17531
17532
17554
17555
17556
17561
17564
17567
17576
17587
17591
17592
17594
17600
17605
17606
17609
17610
17611
17612
17613
17614
17615
17616
17676
17679
17681
17683
17766
17768
17863
17875
17947
17949
17958
17969
17997
18000
18024
18049
18124
18237
18243
18255
18264
18269
18277
18279
18283
18284
18285
18286
18287
18288
18289
18290
18291
18292
18293
18294
18295
18296
18297
18298
18299
18300
18301
18302
18303
18304
18305
18306
18307
18308
18309
18310
18311
18312
18313
18314
18315
18316
18320
18330
18339
18356
18358
18361
18363
18423
18428
18432
18581
18589
18657
18659
18692
18693
18706
18772
18773
18774
18775
18776
18777
18778
18779
18803
18864
18877
18878
18966
18980
19021
19022
19056
19080
19128
19241
19242
19243
19244
19245
19246
19247
19248
19266
19267
19268
19269
19270
19271
19272
19282
19284
19285
19290
19331
19350
19352
19413
19449
19480
19565
19566
19590
19613
19707
19708
19771
19788
19789
19790
20018
20061
20065
20190
20191
20194
20195
20196
20207
20230
20231
20232
20233
20235
20238
20239
20240
20241
20242
20243
20244
20263
20304
20401
20414
20415
20462
20463
20466
20469
20550
20551
20552
20554
20555
20556
20557
20558
20559
20560
20561
20562
20632
20661
20761
20764
20766
20767
20768
20797
20801
20833
20837
20851
20857
20861
20862
20863
20864
20870
20900
20910
20913
20917
20945
20954
20961
20966
20967
20968
20969
20990
21011
21025
21026
21075
21088
21089
21090
21091
21092
21093
21094
21095
21096
21100
21156
21157
21158
21159
21160
21172
21184
21208
21215
21216
21217
21218
21219
21220
21221
21222
21223
21224
21225
21226
21227
21228
21229
21230
21240
21768
21769
21780
21801
21855
21888
21889
21890
21891
21892
21893
21894
21895
21896
21897
21898
21899
21939
21940
21941
21942
21943
21958
21961
21963
21995
21997
22060
22080
22131
22132
22157
22158
22179
22228
22229
22238
22244
22248
22293
22294
22295
22296
22297
22300
22305
22325
22327
22334
22339
22340
22341
22342
22343
22344
22345
22346
22347
22356
22430
22471
22472
22556
22588
22589
22647
22672
22673
22674
22675
22676
22677
22679
22680
22681
22682
22683
22684
22685
22686
22689
22723
22728
22729
22730
22731
22732
22733
22734
22735
22784
22796
22898
22943
23010
23011
23020
23124
23125
23197
23222
23312
23327
23378
23379
23450
23473
23474
23482
23483
23484
23487
23488
23489
23490
23491
23495
23496
23511
23513
23527
23528
23529
23580
23646
23701
23711
23738
23777
23783
23784
23855
23876
24001
24002
24014
24032
24033
24034
24035
24083
24084
24085
24086
24105
24108
24258
24259
24260
24261
24310
24357
24366
24367
24368
24369
24370
24371
24372
24373
24374
24375
24376
24377
24378
24379
24380
24381
24382
24383
24384
24385
24386
24387
24388
24389
24390
24391
24392
24393
24394
24395
24396
24397
24435
24443
24444
24445
24446
24447
24479
24540
24542
24544
24545
24546
24547
24548
24549
24550
24551
24553
24573
24574
24575
24576
24577
24702
24871
24872
24873
24874
24875
24876
24877
24878
24879
24880
24881
24897
24903
24924
24965
24970
25018
25092
25111
25168
25267
25326
25437
25588
25616
25640
25702
25716
25747
25765
25785
25799
25801
25803
25805
25807
25809
25811
25813
25818
25819
25820
25823
25824
25846
25847
25848
25849
25850
25851
25852
25853
25905
25906
25907
25908
25909
25910
25911
25960
25962
25967
25968
25969
25970
26009
26035
26036
26037
26041
26120
26121
26122
26123
26124
26125
26126
26127
26128
26129
26130
26131
26132
26133
26134
26135
26155
26204
26218
26219
26220
26221
26222
26223
26224
26225
26226
26231
26234
26245
26246
26255
26257
26296
26307
26365
26366
26389
26401
26402
26403
26407
26436
26445
26448
26450
26456
26461
26483
26624
26625
26627
26628
26696
26697
26699
26702
26704
26705
26706
26710
26711
26712
26713
26714
26719
26730
26756
26763
26800
26820
26832
26850
26858
26859
26877
26907
26908
26909
26910
26911
26912
26922
26925
26927
26928
26935
26936
26947
26948
27016
27047
27048
27051
27052
27053
27054
27055
27056
27105
27106
27240
27277
27278
27279
27280
27281
27282
27283
27284
27373
27391
27646
27732
27769
27781
27800
27816
27828
27842
27900
27903
27913
27917
27970
27972
27987
27991
27992
27993
27994
28003
28011
28013
28014
28040
28044
28049
28050
28051
28068
28069
28070
28071
28072
28085
28099
28145
28157
28158
28159
28160
28161
28162
28165
28166
28167
28168
28169
28170
28171
28172
28173
28174
28175
28176
28177
28178
28179
28180
28181
28182
28183
28184
28185
28186
28187
28188
28189
28190
28191
28192
28193
28194
28195
28196
28197
28198
28233
28247
28249
28250
28251
28252
28253
28255
28256
28257
28307
28339
28385
28391
28392
28395
28448
28449
28450
28451
28452
28453
28454
28455
28546
28547
28551
28653
28706
28851
28894
28895
28896
28897
29089
29091
29092
29196
29287
29288
29400
29423
29445
29446
29447
29448
29449
29450
29451
29463
29473
29489
29595
29598
29622
29660
29661
29662
29663
29702
29704
29705
29706
29707
29708
29709
29710
29711
29712
29713
29714
29715
29716
29717
29718
29719
29720
29721
29722
29723
29724
29755
29959
30099
30100
30101
30102
30241
30398
30485
31017
31643
31760
31987
32078
32145
32387
32407
32538
32562
32566
32599
32663
33544
33712
33713
33714
33715
33716
33717
33718
33719
33720
33721
33722
33723
33742
33804
33819
33834
33836
33978
33988
33989
34056
34399
34463
34464
34688
34693
34694
34727
34728
34729
34730
34731
34745
34749
34750
34832
34899
34900
34901
35049
35116
35145
35165
35166
35180
35181
35183
35184
35201
35270
35271
35668
35837
35885
36021
36083
36122
36184
36263
36329
36330
36331
36332
36363
36421
36423
36424
36425
36426
36427
36436
36437
36438
36441
36459
36460
36461
36465
36509
36515
36517
36518
36547
36551
36556
36559
36563
36565
36569
36570
36571
36572
36573
36575
36609
36610
36611
36612
36613
36614
36615
36616
36617
36618
36619
36620
36621
36622
37006
37007
37013
37197
37205
37206
37207
37208
37209
37210
37211
37212
37289
37290
37291
37433
37439
37516
37868
37996
38038
38039
38040
38041
38042
38043
38044
38045
38049
38050
38051
38079
38083
38084
38085
38086
38087
38105
38106
38153
38188
38190
38192
38193
38194
38363
38377
38398
38399
38403
38516
38540
38546
38553
38554
38555
38556
38557
38571
38572
38573
38574
38575
38576
38577
38578
38579
38580
38581
38582
38755
38772
38777
38781
38782
38815
38818
38819
38823
38825
38826
38853
39068
39069
39070
39071
39072
39073
39074
39075
39076
39077
39078
39079
39080
39081
39082
39083
39084
39085
39086
39087
39088
39089
39119
39125
39147
39188
39210
39219
39266
39288
39289
39303
39321
39461
39486
39492
39522
39771
39816
39819
39866
39877
39878
40032
40036
40059
40065
40286
40291
40372
40373
40418
40419
40454
40455
40481
40511
40572
40637
40640
40641
40642
40643
40644
40724
40730
40731
40732
40733
40734
40735
40736
40737
40738
40739
40740
40741
40751
40761
40785
41090
41101
41113
41114
41115
41116
41117
41118
41209
41218
41265
41276
41277
41318
41321
41331
41360
41361
41390
41398
41411
41412
41431
41432
41433
41434
41435
41436
41437
41438
41446
41456
41472
41478
41482
41491
41510
41530
41557
41559
41560
41561
41562
41615
41625
41626
41627
41628
41629
41630
41786
41813
41824
41864
41955
41956
41957
41958
41959
41960
41961
41962
41963
41965
41966
41973
41976
41992
42028
42029
42168
42169
42174
42176
42177
42178
42179
42530
42531
42532
42533
42534
42538
42612
42664
42813
42814
42815
42816
42817
42818
42819
42820
42821
42822
42823
42824
42825
42826
42827
42828
42829
42830
42831
42832
42833
42834
42835
42836
42837
42838
42839
42840
42841
42842
42843
42844
42845
42846
42847
42848
42849
42850
42851
42852
42853
42854
42855
42856
42857
42858
42859
42860
42861
42862
42863
42864
42865
42866
42892
42915
42945
42949
42951
42953
42954
42958
42977
43067
43129
43144
43187
43198
43200
43203
43204
43205
43234
43236
43250
43251
43252
43253
43254
43272
43303
43304
43305
43329
43334
43444
43445
43471
43504
43520
43528
43573
43574
43605
43607
43608
43609
43610
43611
43612
43619
43620
43621
43623
43624
43625
43626
43627
43628
43649
43654
43655
43659
43660
43661
43662
43663
43664
43665
43666
43667
43668
43669
43670
43671
43672
43673
43674
43675
43676
43677
43678
43679
43680
43681
43682
43683
43684
43685
43686
43687
43688
43689
43690
43691
43692
43693
43694
43695
43696
43697
43698
43699
43700
43701
43702
43703
43704
43705
43706
43707
43708
43709
43710
43711
43712
43713
43714
43715
43716
43717
43718
43719
43720
43721
43722
43723
43724
43725
43726
43727
43728
43729
43730
43731
43732
43733
43734
43735
43736
43737
43738
43739
43740
43741
43742
43743
43744
43745
43746
43747
43748
43749
43750
43751
43752
43753
43754
43755
43756
43757
43758
43759
43760
43761
43762
43763
43764
43765
43766
43767
43768
43769
43770
43771
43772
43773
43774
43775
43776
43777
43778
43779
43780
43781
43782
43783
43784
43785
43786
43787
43788
43789
43790
43791
43792
43793
43794
43795
43796
43797
43798
43799
43800
43801
43802
43803
43804
43805
43806
43807
43808
43809
43810
43811
43812
43813
43814
43815
43816
43817
43818
43819
43820
43821
43822
43823
43824
43825
43826
43827
43828
43829
43830
43831
43832
43833
43834
43835
43836
43837
43838
43839
43840
43841
43842
43843
43844
43845
43846
43847
43848
43849
43850
43851
43852
43853
43854
43855
43856
43857
43858
43859
43860
43861
43862
43863
43864
43865
43866
43867
43868
43869
43870
43871
43872
43873
43874
43875
43876
43877
43878
43879
43880
43881
43882
43883
43884
43885
43886
43887
43888
43889
43890
43891
43892
43893
43894
43895
43896
43897
43898
43899
43900
43901
43902
43903
43904
43905
43906
43907
43908
43909
43910
43911
43912
43913
43914
43915
43916
43917
43918
43919
43920
43921
43922
43923
43924
43925
43926
43927
43928
43929
43930
43931
43932
43933
43934
43935
43936
43937
43938
43939
43940
43941
43942
43943
43944
43945
43946
43947
43948
43949
43950
43951
43952
43953
43954
43955
43956
43957
43958
43959
43960
43961
43962
43963
43964
43965
43966
43967
43968
43969
43970
43971
43972
43973
43974
43975
43976
43977
43978
43979
43980
43981
43982
43983
43984
43985
43986
43987
43988
43989
43990
43991
43992
43993
43994
43995
43996
43997
43998
43999
44000
44001
44002
44003
44004
44005
44006
44007
44008
44009
44010
44011
44012
44013
44014
44015
44016
44017
44018
44019
44020
44021
44022
44023
44024
44025
44026
44027
44028
44029
44030
44031
44032
44033
44034
44035
44036
44037
44038
44039
44040
44041
44042
44043
44044
44045
44046
44047
44048
44049
44050
44051
44052
44053
44054
44055
44056
44057
44058
44059
44060
44061
44062
44063
44064
44065
44066
44067
44068
44069
44070
44071
44072
44073
44074
44075
44076
44077
44078
44079
44080
44081
44082
44083
44084
44085
44086
44087
44088
44089
44090
44091
44092
44093
44094
44095
44096
44097
44098
44099
44100
44101
44102
44103
44104
44105
44106
44107
44108
44109
44110
44111
44112
44113
44114
44115
44116
44117
44118
44119
44120
44121
44122
44123
44124
44125
44126
44127
44128
44129
44130
44131
44132
44133
44134
44135
44136
44137
44138
44139
44140
44141
44142
44143
44144
44145
44146
44147
44148
44149
44150
44151
44152
44153
44154
44155
44156
44157
44158
44159
44160
44161
44162
44163
44164
44165
44166
44167
44168
44169
44170
44171
44172
44173
44174
44175
44176
44177
44178
44179
44180
44181
44182
44183
44184
44185
44186
44187
44188
44189
44190
44191
44192
44193
44194
44195
44196
44197
44198
44199
44200
44201
44202
44203
44204
44205
44206
44207
44208
44209
44210
44211
44212
44213
44214
44215
44216
44217
44218
44219
44220
44221
44222
44223
44224
44225
44226
44227
44228
44229
44230
44231
44232
44233
44234
44235
44236
44237
44238
44239
44240
44241
44242
44243
44244
44245
44246
44247
44248
44249
44250
44251
44252
44253
44254
44255
44256
44257
44258
44259
44260
44261
44262
44263
44264
44265
44266
44267
44268
44269
44270
44271
44299
44300
44301
44302
44303
44304
44316
44330
44360
44411
44420
44461
44538
44722
44862
44881
44906
45000
45063
45064
45065
45066
45067
45068
45069
45070
45100
45101
45102
45103
45104
45105
45106
45107
45108
45109
45110
45111
45112
45113
45114
45115
45116
45117
45118
45119
